b2_l001_s1.bam,1.51004852223032,0.494930687710859,0.776164351846761,0.313185831052808,0.409996519352742,0.55529944517052,0.343070591613215,0.20535116151478,0.284292146735482,0.348685870575212,0.285607843484974,0.261405581284365,0.237757469241179,0.426166883265801,0.200400698791934,0.343880503381741,0.261146540678235,0.337438917676136,0.346277448737203,0.348264519715874,0.219130318313658,0.181424334895386,0.222690487150436,0.233847267686619,0.261247369774923,0.278613747119455,0.488071849889682,0.249053607065468,0.303712814456473,0.295552215614614,0.32353597881547,0.191692507782682,0.402869623689144,0.411992607567697,0.198635779725478,0.258011001695804,0.36377088713853,0.354202779686784,0.183495839995666,0.201498342372971,0.219670532742258,0.218973746301718,0.235141650968513,0.307541860884429,0.278969518078508,0.301698691768936,0.37146750818587,0.296361307634395,0.284657754679578,0.20395512938744,0.18800363839159,0.224519346619665,0.274851100340536,0.337611064914387,0.297454852471666,0.304996541004574,0.34681766316581,0.261357216107906,0.395650916165141,0.339353031015738,0.217013727031914,0.342591038592366,0.35986478432774,0.318976536248075,0.472021989043393,0.472849115535755,0.214422501221863,0.307911567572294,0.190395665254522,0.34879571690819,0.2745338575729,0.311234009270541,0.297733567047883,0.380664269452247,0.269747344600766,0.417932507036116,0.402504835493801,0.252021917302172,0.540327553935196,0.14592019662921,0.228258220684727,0.437598279634432,0.203588701694599,0.194845261488939,0.371479804417174,0.280357352718313,0.248084664038742,0.265751889175835,0.304444030344663,0.285798025195803,0.206972624549355,0.238109141456465,0.301508510058104,0.322714590564386,0.227591764948073,0.31420149975849,0.209364651412296
b1_l003_s1.bam,0.494930687710859,1.30986505685807,0.492828851906686,0.307836970435719,0.342784499298212,0.4038803739023,0.285638993937609,0.239680599817071,0.261847425862546,0.31065608639927,0.293697124185273,0.315057317457224,0.232170061736801,0.306951641781857,0.189406228508954,0.292571609146609,0.28561604097251,0.347595604732954,0.366930198834821,0.272941905493456,0.219983676766129,0.229350945773249,0.254634456579822,0.224999719389262,0.248821618168208,0.236846728375955,0.576074337832433,0.262788497431651,0.322218642568472,0.328211825705874,0.354843823212082,0.290032027508028,0.340667088267725,0.403781184303117,0.231136358558539,0.237315624663003,0.302443023637182,0.364359466743604,0.233251310342768,0.1852558405696,0.22267081318035,0.251474325134782,0.292689652967126,0.251859607048962,0.264873938260753,0.337220864507683,0.377091804384161,0.332122027260435,0.300937145176862,0.250689005828855,0.259387359853061,0.198814484953755,0.268229989657896,0.322084203772886,0.301647867346213,0.298136883434642,0.258534001400585,0.354766766829245,0.358336772651072,0.441032207163165,0.213970819658638,0.293985675746527,0.331933485047113,0.347739880513584,0.511758490124287,0.575323447974154,0.249308548927832,0.361722335003347,0.189976773641443,0.255661601768054,0.24668207392137,0.332125306255449,0.374683382546151,0.305898264633509,0.268215234180332,0.450830664014674,0.35660300403726,0.278956402098449,0.377299200818813,0.219371324447201,0.256146893030169,0.33007183562774,0.254695937736338,0.280621311816964,0.306414706348262,0.302123321623289,0.25553781970626,0.349221986260052,0.282317371988117,0.308041087875358,0.239711750269709,0.351715661968434,0.316515650489837,0.336290449672373,0.304223517929953,0.374930126920981,0.246477136732978
b1_l004_s1.bam,0.776164351846761,0.492828851906686,1.5811461513768,0.176464035187482,0.297129412216495,0.274972423156066,0.438136854565543,0.226865467552404,0.299683749332643,0.292036313210524,0.241283208630316,0.269004652230025,0.190490756109939,0.296124400244613,0.148840141689451,0.456758267251796,0.36209696018373,0.257411765356939,0.344891253594904,0.479271847020026,0.227445029921192,0.195305140539697,0.313303874873324,0.169643725557725,0.176131217193534,0.251225941262445,0.346420085020323,0.273350960121491,0.337074949229547,0.350781148389353,0.215757871941439,0.263699238296876,0.333099987523453,0.454180977170542,0.202895194249063,0.137112816020783,0.415024038458442,0.295724362852865,0.182984316773437,0.204326475572813,0.209219555882909,0.224266864003565,0.267629113821519,0.261308850931443,0.284024088893065,0.294428340073462,0.169781443348322,0.240109328415185,0.328197889977063,0.247892842830405,0.285296338958614,0.180830836797789,0.288970452872146,0.296626086481801,0.266091265159812,0.312436580692039,0.393299876739882,0.303545585710744,0.706602112115732,0.414381355435629,0.211810781692966,0.26415419885511,0.50478734672387,0.475667411750551,0.294349644193117,0.351553351715224,0.214706134290601,0.34962284340055,0.210717236855694,0.375558054466218,0.353935541593118,0.249495451643642,0.304219419186183,0.446468780896888,0.333643480947073,0.465766486304846,0.2492437887763,0.201097485232468,0.912426268661337,0.251800585138704,0.338352937536372,0.206014338256424,0.178586364710497,0.235840896655321,0.459707723267159,0.21527913866935,0.2138585140794,0.267625834826511,0.363887291461541,0.280754111115046,0.174177755913758,0.237438586976039,0.304098096370654,0.338901349452519,0.17833716108941,0.336113383941602,0.207580878124512
b1_l005_s1.bam,0.313185831052808,0.307836970435719,0.176464035187482,1.2735026416469,0.353626496313019,0.36391188392415,0.275965958645402,0.285986567409126,0.25885370341448,0.198248858313787,0.381589765795036,0.441276492291734,0.331671985194722,0.429115519532422,0.359438514975879,0.253477791088524,0.23173231590239,0.371160102403277,0.411486822586743,0.170633162303291,0.251102159200659,0.273271444492394,0.36550711499861,0.343267331314069,0.318187118198382,0.209441707795126,0.319664305452327,0.203497709582941,0.293382340663898,0.249996318132085,0.428026073438912,0.32512629139741,0.289566410215996,0.226012109099931,0.231879870678038,0.360910783737306,0.286567769275412,0.511888830176098,0.311045467057218,0.418582567797715,0.283130562751664,0.276549619757949,0.277132461121741,0.311444684700212,0.33312621948357,0.2772144359971,0.382526738620375,0.349881884006679,0.237511544615106,0.265347753040318,0.298695952084581,0.234226811359529,0.3708330226506,0.295553855112123,0.265973221339299,0.228906641948815,0.275975795630443,0.402026921970465,0.252052248006055,0.28743588320545,0.296535914118907,0.292423234622211,0.312082449230495,0.32041437556185,0.403327043493639,0.307224618116797,0.254743483164046,0.280882811669355,0.273814118167261,0.211240236560474,0.300382995019443,0.354894647634803,0.540183278154558,0.423052657750961,0.428785160784723,0.312580856472668,0.442507754919603,0.414876483682782,0.280238489149045,0.217490820806499,0.385785239915843,0.210985294698112,0.310941358965515,0.340444936355503,0.234560449102229,0.280602457595633,0.325380413511018,0.2884204014585,0.220482084008307,0.262665535118617,0.270989263962436,0.297752421269218,0.282510832693962,0.256007535742067,0.286757950986243,0.267770930355894,0.27823174420029
b1_l007_s1.bam,0.409996519352742,0.342784499298212,0.297129412216495,0.353626496313019,1.7045576867303,0.834048450834342,0.219788576562774,0.364429145387659,0.367909798595343,0.342768924071894,0.277305428108745,0.278627682848265,0.213949506191052,0.292229773916367,0.132223014705692,0.0889206065467452,0.328781551089609,0.29192318788253,0.471481774614792,0.234126802011586,0.49493724570088,0.39115377450302,0.595745028923253,0.206540616956224,0.16905596570141,0.302117583382012,0.287421127727885,0.275579037233712,0.486645487058456,0.209085936836075,0.393317911212467,0.29383730122213,0.17144635306684,0.167687805031692,0.0587349981937823,0.145066018427982,0.188088072513204,0.458971588886453,0.0887599357910416,0.254581992659589,0.19220485075367,0.231822488265285,0.295381707873872,0.311564368018234,0.290784556863812,0.174917989038237,0.494206849561445,0.404946867030716,0.229918211910724,0.0475946126326715,0.300485463613643,0.230450228851802,0.275533951052266,0.262674552354904,0.53557137166694,0.34742509699221,0.300506777081233,0.456217233074422,0.388382203967179,0.498033436743143,0.205212623975428,0.183606506077399,0.157464718325835,0.35957623276648,0.319478222485263,0.274901924763258,0.0408070929530534,0.155606347901471,0.213422407742503,0.260103000514931,0.278476849077607,0.3817315823294,0.415304392532155,0.58283972429569,0.28816218060112,0.333215572097708,0.503297863238612,0.314329380564047,0.366632630037268,0.280666397998411,0.489275241059924,0.520182228316044,0.379921577081508,0.169606017115061,0.220049256666411,0.353876519682861,0.261569531035082,0.251883379762824,0.376293369098177,0.278529312997837,0.132354174506265,0.355918513828022,0.271895906083896,0.342481192259391,0.28147057152567,0.276478301616389,0.148979498977558
b1_l008_s1.bam,0.55529944517052,0.4038803739023,0.274972423156066,0.36391188392415,0.834048450834342,1.64601041100108,0.222679010667894,0.313487498594123,0.218130224834288,0.377624641073986,0.283933096781417,0.278894101193178,0.269002192983764,0.29114442656663,0.218445828104418,0.136975917978934,0.282451810783701,0.404704221399648,0.437476956818909,0.244889283397297,0.298402482030799,0.321048861097116,0.402231859158858,0.272486944935219,0.231424090371045,0.317094393109863,0.463099023860705,0.294372597158217,0.439838652977968,0.2586520452211,0.455288457736627,0.111456319531329,0.316431216368219,0.220991147984273,0.144798780334316,0.240751191689244,0.174916349540732,0.511161713031673,0.136417669077746,0.226779393933287,0.137287422505291,0.181835029020917,0.326023096533823,0.315886083447091,0.326196883269582,0.273227178059703,0.451932406339487,0.396864144320439,0.261911366265325,0.0959679865812453,0.150149280448911,0.16201514365694,0.113031876635702,0.310332285641606,0.811438960461934,0.267539761207383,0.314847461776308,0.294430799319722,0.296251461301415,0.365667785754311,0.137254632555147,0.29185514873598,0.143020745287807,0.362148604355206,0.4449817566579,0.456861555594737,0.154701345277527,0.279440053863058,0.0502046926640619,0.31626890611501,0.309515815883043,0.386609907161937,0.357365370378082,0.408807883660054,0.330253819851034,0.33244828726436,0.453787497768825,0.29837461057318,0.110540660173585,0.23727873596909,0.167662392820328,0.928761402073866,0.339953087103356,0.173689185656628,0.181353016753814,0.409088237733785,0.287678528836507,0.232350406462592,0.28774082974178,0.296050622856789,0.199652268179916,0.324855774308729,0.250295526427143,0.310384749561835,0.302331537806695,0.262193359836558,0.215402920731139
b1_l011_s1.bam,0.343070591613215,0.285638993937609,0.438136854565543,0.275965958645402,0.219788576562774,0.222679010667894,1.60155789534087,0.451127413063462,0.304482558536081,0.357664578673139,0.248626517964857,0.267680757992996,0.247610849259173,0.250033206825993,0.256929753089834,0.675136056209678,0.413889506183479,0.337591390944301,0.215229133995385,0.583306161336487,0.326072281459037,0.46695840099254,0.447474612617529,0.254594288890895,0.255277139602624,0.874338282323894,0.328318393043835,0.80788289036892,0.196519188443742,0.23415959196173,0.239242853982669,0.239713389767213,0.410655597350619,0.407851236864637,0.22725484821035,0.142945328402475,0.523670259262518,0.27778170213457,0.348881790527315,0.329034853454466,0.135456923538552,0.0975468226806337,0.318944566046686,0.261972847421841,0.252484255599188,0.32514924436251,0.22427752073736,0.330864532672446,0.166968065626051,0.309704358096366,0.189507877354395,0.116212501799583,0.163125083469279,0.28178453529829,0.216739930948233,0.260222683832957,0.351343496034308,0.242107875876412,0.373061919511574,0.318433862573207,0.133595274119178,0.131947579124496,0.449472340330003,0.324536072294834,0.37770989494436,0.330350550203954,0.280731977898698,0.29939683726889,0.286443987213619,0.285812780673364,0.447712339756062,0.306695060421986,0.16072158012379,0.273152580923122,0.277215255745852,0.286009520374227,0.147730201877106,0.162401245319869,0.373258659212445,0.707612042580125,0.265942070886662,0.209620413023413,0.303215226963049,0.29025745841526,0.333941869493377,0.325038578280777,0.463167882756002,0.225430907233648,0.301256847190757,0.236253230278368,0.192653253321876,0.149601688281527,0.218885213436336,0.198425104295808,0.231481472783795,0.218299093077527,0.30294798886939
b1_l012_s1.bam,0.20535116151478,0.239680599817071,0.226865467552404,0.285986567409126,0.364429145387659,0.313487498594123,0.451127413063462,1.43919025971988,0.366188326212831,0.397821610864614,0.321862051860667,0.384172794117558,0.218032674732613,0.282636254253257,0.11928983862051,0.133477230298669,0.26829802880444,0.340137530572913,0.342137717531638,0.327426506399947,0.548717682428049,0.631318845833481,0.453837502442793,0.202513191329894,0.117478193875108,0.693441865625802,0.328558579428636,0.65521452200025,0.222204376139564,0.361783816159862,0.37624992241424,0.252676076807526,0.404057439633074,0.216935850900331,0.166904125223272,0.233038175666837,0.293235605637007,0.284383138847128,0.21593329817471,0.26200481762323,0.265784679125974,0.258567611099483,0.303679204757576,0.258157736722695,0.270456427272611,0.306941804796812,0.25719863068101,0.263754981212117,0.290218930223843,0.180254553424027,0.342577102863553,0.203601817674644,0.167579598196215,0.423562541475684,0.320588982046361,0.264438651672602,0.333533634614094,0.343412426843452,0.382366887613425,0.392782615276376,0.266626561095898,0.278337491789497,0.202975529626913,0.279134287577974,0.385106487947881,0.326296892617518,0.157961486070502,0.209704847145027,0.18299579325599,0.289790201625722,0.306096643831875,0.260100541268672,0.236899192296183,0.318478129005901,0.274910941999548,0.337855350042953,0.260325972175906,0.203273918173214,0.201029446085922,0.600506129684024,0.456304126442307,0.322136667693114,0.667955057128342,0.258691393161272,0.379664995721638,0.311045467057219,0.335467421923783,0.264395204988668,0.219834482492975,0.314180186290898,0.178819173356511,0.322708852323112,0.266119136617439,0.256632184292293,0.226712174535486,0.303939065112462,0.339049723976914
b2_l017_s1.bam,0.284292146735482,0.261847425862546,0.299683749332643,0.25885370341448,0.367909798595343,0.218130224834288,0.304482558536081,0.366188326212831,1.69996545421276,0.253403193951949,0.234058762865042,0.254385252958734,0.359393428794434,0.266317515815798,0.27909821863282,0.297181876136726,0.272176260157612,0.254878741708387,0.340290823589828,0.27182704718859,0.309278088744506,0.13472570765036,0.296219491100025,0.350394226977667,0.26082683866435,0.29361924805368,0.338798061109565,0.264615717403374,0.339153832068618,0.306263872577606,0.339654698557054,0.33455914030482,0.277132461121741,0.288640913873208,0.298325425647965,0.225943250204628,0.333929573262073,0.201907397001004,0.268395578906117,0.234553891112201,0.478073374342294,0.456066399303767,0.350336844564915,0.316265627119998,0.372934038706018,0.29809753549447,0.29518906691678,0.213801131666652,0.3337754604964,0.315969697819956,0.409988321865205,0.419309684942127,0.330330056485117,0.334566518043604,0.315163884795189,0.46519758066986,0.255510767997391,0.428953209279206,0.215763610182711,0.169961788074112,0.500145929281106,0.269970316261738,0.315869688472019,0.30336851997997,0.34135485747197,0.337888139993096,0.29789095880857,0.359096679745636,0.428362990176631,0.221706788646144,0.275544607786063,0.221915004829554,0.335401022274744,0.270194107671468,0.294533267913918,0.307700892142625,0.329725081904977,0.38033718969957,0.338732481209279,0.226685122826616,0.301310130859736,0.257074848619218,0.201816404889357,0.281494344239522,0.25989642382903,0.221333802963266,0.307857464154558,0.331408845844823,0.35117626728858,0.284979915939732,0.303958739082546,0.237450063458588,0.290830462794012,0.318556824886245,0.233293937277954,0.321732531557602,0.302454500119732
b2_l018_s1.bam,0.348685870575212,0.31065608639927,0.292036313210524,0.198248858313787,0.342768924071894,0.377624641073986,0.357664578673139,0.397821610864614,0.253403193951949,1.43872874117161,0.3448100984683,0.35766211942688,0.260382534839904,0.277117705644177,0.239246952726427,0.165808121139739,0.287031747069936,0.316012324755141,0.243983461024597,0.470681699831291,0.341627014058161,0.426772677594691,0.329443088333748,0.23055023819973,0.239184651821154,0.466710836868962,0.355084829345633,0.476113355072495,0.348204678056862,0.306090905590602,0.313162058338954,0.204616666631574,0.395358265860115,0.315264713891879,0.214263469963666,0.270458066770119,0.413431266630226,0.31496468584807,0.185128779512794,0.324392616262959,0.243249785890146,0.262272875465652,0.350402424465202,0.324123738671785,0.342942710807655,0.338398023717821,0.291517412249509,0.278035824248183,0.34028180635354,0.167659113825315,0.293563505138439,0.275690523064198,0.246427132059009,0.355703739654584,0.251696477047001,0.335334622625704,0.410870371524052,0.25726503033005,0.324845117574933,0.374939144157266,0.235265433030307,0.292141241050982,0.252004702578346,0.278148129827423,0.338319327837478,0.358627783458592,0.215578346964405,0.253645019834251,0.181930119876336,0.34875882821428,0.397189584575605,0.302211854488673,0.252213738510508,0.353592066865367,0.242595626384791,0.323112988458624,0.327007614786869,0.248486340927994,0.23025922739221,0.417429181301419,0.231004379009214,0.367031027931509,0.325131209889932,0.204588795173953,0.38058721306941,0.29948373063677,0.22141003959735,0.309210049597959,0.289299172122329,0.334822279654717,0.299969021898888,0.307886975109686,0.329938216580906,0.347566093777827,0.271049925370201,0.310665923384312,0.28502664161869
b2_l019_s1.bam,0.285607843484974,0.293697124185273,0.241283208630316,0.381589765795036,0.277305428108745,0.283933096781417,0.248626517964857,0.321862051860667,0.234058762865042,0.3448100984683,1.24935776185905,0.371793768189795,0.256702682685099,0.406626532226787,0.240179007059247,0.17755430102974,0.237073798780696,0.319568394848157,0.343037801663066,0.283638806978883,0.276243033724111,0.327515039265333,0.296899062816741,0.218839307506131,0.222464236494449,0.238081269998845,0.281749286101888,0.248676522638825,0.318125637041863,0.346542227584607,0.399175835805523,0.258029036168384,0.312878425270216,0.305780220812994,0.184582007094156,0.3167935453173,0.338346379546346,0.375056368229029,0.16896497358976,0.254237698183092,0.357571127315234,0.36482590378439,0.256790395801731,0.269792430782216,0.310637232177937,0.306092545088106,0.321075093057232,0.291690379236515,0.395523035359585,0.216141514358112,0.343954280769566,0.314710563734461,0.267158578036972,0.363156075573352,0.205237216438032,0.34151470847892,0.371010908130129,0.335963369919698,0.240774964403098,0.270353958678414,0.36358152517646,0.368136049251333,0.297465509205463,0.262222870791685,0.313329287084685,0.287677709087757,0.201243400510606,0.35421015742557,0.218246629157299,0.373545571276186,0.283778164266989,0.300837955577678,0.292983123020905,0.358261355765744,0.35087377999851,0.320705386369369,0.308617371249125,0.249179848373521,0.207495624254137,0.268235727899171,0.332603219778786,0.232706997170391,0.372023297840796,0.230091178897729,0.33015217100559,0.275765939949531,0.183617982559949,0.485156003573203,0.354559370394592,0.400718602959756,0.421367254313607,0.407577440780936,0.447996792573559,0.466578857319641,0.404534533407657,0.417592311303386,0.404675530193274
b2_l021_s1.bam,0.261405581284365,0.315057317457224,0.269004652230025,0.441276492291734,0.278627682848265,0.278894101193178,0.267680757992996,0.384172794117558,0.254385252958734,0.35766211942688,0.371793768189795,1.31299075885546,0.195048559179821,0.335987142633552,0.171607023822537,0.213227307539149,0.241576678684092,0.373291449162577,0.418786685237347,0.306907375349162,0.416479092496022,0.582889728969662,0.30450305225492,0.176348450613225,0.183869645427294,0.392948204524598,0.129844923571566,0.431214896090327,0.331216204887734,0.441374862142158,0.396442793461094,0.242812040055736,0.227369613035854,0.297799146948169,0.206816872286183,0.336006816603637,0.272477927698932,0.548848022479871,0.229764918893802,0.409343179596138,0.169964247320374,0.208707212911922,0.297631918202439,0.304352218484263,0.283095313555259,0.300815002612579,0.231670014997118,0.319968432239903,0.368537726140585,0.181761251633102,0.41858994553649,0.227452407659965,0.283270739788525,0.429522114914189,0.236775410234394,0.222450300765639,0.439364838198391,0.257769995562255,0.363994678548261,0.384031797331943,0.173350629421399,0.340196552483168,0.359060610800481,0.385363069307751,0.153473361644667,0.153664363104252,0.218150718553136,0.327304363835664,0.189034882323582,0.31793463558228,0.304422716877071,0.322357180107826,0.439659947749684,0.319189670924007,0.324365564554091,0.308748531049696,0.260639935948529,0.295587464811018,0.180907893180623,0.527268136541959,0.316432036116973,0.206675875500562,0.477749573584636,0.292879014929201,0.442319212706281,0.339666994788357,0.306917212334204,0.280373747693387,0.272708277098688,0.37047315294778,0.27852767350033,0.284775798500092,0.300068211498071,0.288116274670921,0.301611798401057,0.280398340155994,0.30175279518667
b2_l022_s1.bam,0.237757469241179,0.232170061736801,0.190490756109939,0.331671985194722,0.213949506191052,0.269002192983764,0.247610849259173,0.218032674732613,0.359393428794434,0.260382534839904,0.256702682685099,0.195048559179821,1.45915606036199,0.35901470487028,0.986530736235935,0.40633880041428,0.169503548520861,0.247863331875275,0.158818123517987,0.168677241777256,0.203424751943875,0.207464473801497,0.313376832512392,1.13789898308144,1.02916832815574,0.213688006338653,0.346174980143004,0.190171054096042,0.170562663910486,0.12805131329874,0.20310832892499,0.526332803214124,0.308443584513366,0.326074740705298,0.401598193372352,0.379549411147385,0.305285912314588,0.201412268753839,0.613713921601667,0.398179021321178,0.28443478301861,0.270856464664361,0.35103445075421,0.314657280065479,0.315346688767237,0.260866186604512,0.283482234966948,0.104767169702142,0.181564511932237,0.476493718494156,0.253324498071605,0.291191971994343,0.276638972372087,0.266403589434926,0.38909538538279,0.29724253754449,0.139717977559645,0.242709571461541,0.210815606706121,0.205725786695161,0.272633679962116,0.356703833133944,0.369127125494404,0.161892181343899,0.282018163693057,0.334609964727542,0.65044522375194,0.135957790026988,0.497841615534806,0.158076250896004,0.247537071871352,0.11248346471956,0.293637282526257,0.352236202426953,0.281951764044018,0.216955524870416,0.292016639240438,0.647014575218215,0.288062991001938,0.166155694611253,0.248255171779488,0.394380305597095,0.233922684571945,0.467383850595658,0.262899983262137,0.154045546274663,0.233651347734515,0.284715137092333,0.311877512042101,0.246396801355127,0.310301954937724,0.277428390421782,0.248987207416434,0.243157974029748,0.160678133439854,0.219377882437234,0.376624547594622
b2_l024_s1.bam,0.426166883265801,0.306951641781857,0.296124400244613,0.429115519532422,0.292229773916367,0.29114442656663,0.250033206825993,0.282636254253257,0.266317515815798,0.277117705644177,0.406626532226787,0.335987142633552,0.35901470487028,1.41056627274248,0.341218779178878,0.26229336918449,0.231244565394012,0.339661256547082,0.349931068931897,0.272243479555409,0.360982101878867,0.313098117936175,0.38362602169892,0.344449409016726,0.363897948195337,0.247757584286063,0.31806333613659,0.235372820117027,0.247173103424762,0.242034098488596,0.332040052385079,0.337599588431837,0.291941222355109,0.313150581856404,0.219385260176019,0.364160267796484,0.327825724042938,0.389583135891165,0.326301811110039,0.477572507853869,0.235728591076077,0.24672060211279,0.306145009008336,0.365027561977766,0.351563188700269,0.297082686537545,0.234378464878936,0.27846619234381,0.2927642501037,0.270267065310534,0.20231235288527,0.24932412415415,0.246857500154637,0.342059841400051,0.237098391243303,0.306026145439067,0.271830326183603,0.317093573361109,0.289572968206025,0.294422601832186,0.237365629336969,0.372802878905445,0.336801153145853,0.234367808145138,0.305750709857864,0.312939086677981,0.254255732655669,0.231811011782732,0.266885601702029,0.217670345783531,0.293533994183308,0.281173002728123,0.334942782721494,0.389327374280049,0.280398340155991,0.331574435093047,0.325688639042364,0.3359863228848,0.299391099027616,0.23266764923022,0.384263786229205,0.243178467748584,0.398238862980184,0.334391091810337,0.291960076576441,0.287350629335078,0.246013158938454,0.315206511730376,0.26007021056479,0.294381614394507,0.384049831804522,0.37232742462837,0.336809350633389,0.315076991427312,0.273945277967837,0.321671870149839,0.347956294184529
b1_l025_s1.bam,0.200400698791934,0.189406228508954,0.148840141689451,0.359438514975879,0.132223014705692,0.218445828104418,0.256929753089834,0.11928983862051,0.27909821863282,0.239246952726427,0.240179007059247,0.171607023822537,0.986530736235935,0.341218779178878,1.65614742408782,0.496922677182049,0.206573406906359,0.251457110410956,0.125516650152681,0.219264757109237,0.18157352916853,0.189509516851901,0.304009563505269,1.07955008655058,1.18408034886295,0.223563519572996,0.284406911560983,0.226922849965154,0.130661393330132,0.118684044291617,0.178155996614867,0.572546958945779,0.375172772552035,0.32259162825135,0.511583883639773,0.523170212522829,0.231908561884407,0.240470017866765,0.752881847747674,0.436441614143141,0.258528263159318,0.235885163088018,0.3307735405608,0.293124119806521,0.293018372217309,0.269628481031498,0.274910122250796,0.0973082757933453,0.118365162026476,0.574472548767933,0.257951979785548,0.322298158197572,0.304007924007759,0.242484960303058,0.345297848976677,0.272131173976169,0.123114786304695,0.284629883221955,0.179024930293657,0.141810796127526,0.244341691229917,0.371350284114106,0.333201636368895,0.230370713222698,0.285532426599643,0.278089927665919,0.689025879090286,0.164758022986407,0.641382901281138,0.150299294470822,0.331441635794966,0.103354742599728,0.339930953887008,0.385489310615801,0.376670453524821,0.145168487022179,0.298075402278125,0.628264461977651,0.333322959184424,0.201317177898424,0.255586184882729,0.451329071256848,0.235926150525686,0.543336851609572,0.166542616022942,0.145155371042123,0.354610194817311,0.210224567854797,0.232854551946044,0.162364356625963,0.260063652574762,0.235141650968516,0.203519842799291,0.182344092996891,0.0934234864501439,0.0991658264689507,0.2912403371708
b1_l026_s1.bam,0.343880503381741,0.292571609146609,0.456758267251796,0.253477791088524,0.0889206065467452,0.136975917978934,0.675136056209678,0.133477230298669,0.297181876136726,0.165808121139739,0.17755430102974,0.213227307539149,0.40633880041428,0.26229336918449,0.496922677182049,1.61168589119131,0.430443512513209,0.212448546223254,0.221128046026123,0.416735673855897,0.143678183788185,0.0661348701923265,0.193675480017579,0.429861490898178,0.514671877194493,0.239977348865861,0.286905505761882,0.222583100063724,0.212437069740696,0.196722486134637,0.17047659029136,0.431042748852078,0.450110104860275,0.531512795587984,0.627551280562044,0.419038348104695,0.495218419523369,0.188182343619865,0.871155197913753,0.394252424791538,0.187474900445533,0.143203549259857,0.336134697409196,0.263816462368636,0.331696577657329,0.308704264617003,0.190180071332333,0.212560032053736,0.218111370612954,0.72669907255842,0.184433632569761,0.156700712487501,0.33894889488022,0.203078817969864,0.409500571356823,0.299995253859001,0.229619823364418,0.217472786333918,0.316700093959392,0.185259939313366,0.184738579106093,0.227460605147504,0.66449735688576,0.289007341566057,0.262347472602224,0.302296288610289,0.626560204318964,0.41168766103137,0.594899867958315,0.246467299747932,0.394690170625955,0.211291060983199,0.232061854901326,0.206056145442858,0.22904353999066,0.245789367528725,0.218911445396447,0.287732632254244,0.598382160663515,0.175428692511728,0.103744943006433,0.375981864571816,0.0642855170042562,0.639186794370309,0.320995577428135,0.169282216357401,0.558601393149926,0.230614178602514,0.272486944935221,0.145858715472692,0.302161030065953,0.0969770972969013,0.233769391555031,0.212196063607148,0.172177568955032,0.188177425127344,0.245313913251652
b1_l028_s1.bam,0.261146540678235,0.28561604097251,0.36209696018373,0.23173231590239,0.328781551089609,0.282451810783701,0.413889506183479,0.26829802880444,0.272176260157612,0.287031747069936,0.237073798780696,0.241576678684092,0.169503548520861,0.231244565394012,0.206573406906359,0.430443512513209,1.56318545618593,0.306080248856804,0.337978312355989,0.417413606075107,0.203754290942818,0.174874542354297,0.26488377524579,0.180780832123818,0.232035622941212,0.366130943800081,0.171967713274112,0.37155768054876,0.364353728502326,0.23699920164412,0.300367419793126,0.281277110819826,0.323085936749756,0.339285811617945,0.398906138465596,0.337815182354028,0.27277549649648,0.37707376991158,0.504311892446788,0.235024426896752,0.22146988125636,0.215207000779032,0.265169047812039,0.265130519620621,0.259061099849136,0.277337398310136,0.298760712236112,0.885781155175071,0.238191116331823,0.385698346547967,0.170957782809714,0.187117489988965,0.253193338271032,0.0966491977954707,0.36048123539043,0.326515765534724,0.392986732716014,0.339889146700578,0.362065809731094,0.308232909083696,0.240123264144001,0.257718351390776,0.34599955390974,0.3725405593043,0.203627229886009,0.180281605132889,0.278880165464366,0.314243306944918,0.346057756071244,0.256130498055094,0.4020474156893,0.845947103992502,0.253970460089422,0.247048501614219,0.233220159890133,0.345623289231848,0.29799178790526,0.243245687146378,0.352720673940315,0.365751400127174,0.320546355111175,0.412839408030144,0.149170500437142,0.438928731861484,0.293286430059728,0.600775827023961,0.545364090277177,0.204495343816047,0.172577606346782,0.218895870170132,0.211316473194563,0.17740920550036,0.21385277583813,0.185441103787906,0.574329912484813,0.246663219700042,0.249092955005642
b1_l029_s1.bam,0.337438917676136,0.347595604732954,0.257411765356939,0.371160102403277,0.29192318788253,0.404704221399648,0.337591390944301,0.340137530572913,0.254878741708387,0.316012324755141,0.319568394848157,0.373291449162577,0.247863331875275,0.339661256547082,0.251457110410956,0.212448546223254,0.306080248856804,1.30737793913972,0.338571810453579,0.323383505547304,0.328869264206242,0.525177777220344,0.31636727596544,0.244509739724391,0.246067262356187,0.383343208378937,0.306226983883694,0.377955819570425,0.268017674730719,0.340485923793182,0.422778861667267,0.240204419270605,0.341331904506874,0.269905556110206,0.183694219194035,0.310498694638584,0.238859211565986,0.438258177381063,0.227554876254164,0.271081895571588,0.191847440297108,0.218344999007727,0.2953423599337,0.321146411198795,0.301161756335341,0.458987983861516,0.307862382647079,0.331673624692229,0.272658272424718,0.179074115218876,0.274683051846052,0.191766285170503,0.23263567902883,0.345331458675575,0.277265260419821,0.2698580106825,0.331239977601587,0.253413030936992,0.331807243739064,0.306361422679282,0.192689322267031,0.321685805878647,0.238372280806361,0.353175634498552,0.312998108588239,0.325911610703337,0.216099707171683,0.230947816345215,0.206067621925404,0.252668699068744,0.305472815030402,0.331199809912662,0.367317120246506,0.332723722845561,0.341875397930495,0.317034551450853,0.307411520832612,0.270317889733256,0.192931148149337,0.4837099667719,0.28408557004958,0.347912027751836,0.471007140086462,0.265064939720333,0.26056287956569,0.719847612476022,0.723356956890083,0.239598624941717,0.202909949726627,0.298607419219195,0.197994736200183,0.296083412806934,0.241084009683197,0.244160526755373,0.28691780199319,0.239225639258838,0.308368987376789
b1_l030_s1.bam,0.346277448737203,0.366930198834821,0.344891253594904,0.411486822586743,0.471481774614792,0.437476956818909,0.215229133995385,0.342137717531638,0.340290823589828,0.243983461024597,0.343037801663066,0.418786685237347,0.158818123517987,0.349931068931897,0.125516650152681,0.221128046026123,0.337978312355989,0.338571810453579,1.41291977141399,0.28673909676491,0.282523948674016,0.303818562045685,0.275031445066322,0.165085922487836,0.128873521298579,0.194346854246768,0.277295591123702,0.251935843683044,0.470476762642903,0.32069882837934,0.528467428968442,0.197516822676847,0.234872773377342,0.299736213252871,0.240003580825986,0.313373553517378,0.221457585025058,0.547763494878893,0.205461827596516,0.321904678795853,0.252053067754806,0.263681203824296,0.232934887323886,0.325452551401333,0.336558507514794,0.258143800993883,0.371646213414147,0.432829801134874,0.32849054028209,0.189264411974591,0.338148820096732,0.211737004305144,0.349456434403574,0.289841845797198,0.298190167103626,0.310025699607769,0.357174368918499,0.278631781592033,0.351141837840927,0.36434061252227,0.254405746677571,0.370282151488195,0.253731093453378,0.404077933351912,0.302196279262356,0.274318263650711,0.181284157858521,0.310396226044384,0.151691227854388,0.324642639632798,0.294989048220907,0.42957293933691,0.43038531035171,0.360566489260797,0.369241070571153,0.340106380120275,0.406977384693316,0.280667217747164,0.279535964467229,0.279049033707603,0.320913602552777,0.324626244657725,0.381882416100061,0.291874002957316,0.296516240148822,0.387325547823813,0.267108573363003,0.213688826087413,0.245701654412094,0.290827183798998,0.242058690951199,0.477947952783001,0.258271681799446,0.235744166302399,0.324620506416456,0.256572342633281,0.231807732787722
b1_l031_s1.bam,0.348264519715874,0.272941905493456,0.479271847020026,0.170633162303291,0.234126802011586,0.244889283397297,0.583306161336487,0.327426506399947,0.27182704718859,0.470681699831291,0.283638806978883,0.306907375349162,0.168677241777256,0.272243479555409,0.219264757109237,0.416735673855897,0.417413606075107,0.323383505547304,0.28673909676491,1.53934798218066,0.271549972109881,0.397089575227672,0.322819518404845,0.168981368564832,0.218486815542092,0.54922428715777,0.283496990444511,0.530637303919171,0.385950829164062,0.332545837366035,0.308287832250186,0.19886776862274,0.48773165415694,0.38267019465225,0.249465120939763,0.278067794449573,0.489424435333078,0.256337894489752,0.296744950051069,0.246284495775884,0.14184358607767,0.153948815921738,0.297182695885478,0.314080996691714,0.306500779967388,0.368272127544427,0.236945917975138,0.363888930959047,0.295490734458098,0.251444814179651,0.246943573773758,0.161005213192538,0.206088935392992,0.226308038399973,0.213902780512091,0.289827910068388,0.422296849400158,0.279267086876055,0.416025771435293,0.400439888383536,0.140220483545587,0.267070045171583,0.294124213285884,0.315337671530948,0.301082240706243,0.293560226143422,0.229151746826128,0.286381686308345,0.18866517563573,0.299753427976696,0.463799909045013,0.329382426925981,0.182216212191329,0.243280116594026,0.338467702361871,0.326508387795941,0.264405041973705,0.182623627321856,0.358971258186339,0.528488742436045,0.370053441585945,0.237635326676896,0.293380701166388,0.278116979374787,0.510253431412716,0.39623047853392,0.414847792476405,0.233169335467416,0.367757325327179,0.269754722339551,0.207468572545273,0.191452321397885,0.297472067195494,0.247511659659996,0.260927667761032,0.218563052176181,0.267429914874405
b1_l032_s1.bam,0.219130318313658,0.219983676766129,0.227445029921192,0.251102159200659,0.49493724570088,0.298402482030799,0.326072281459037,0.548717682428049,0.309278088744506,0.341627014058161,0.276243033724111,0.416479092496022,0.203424751943875,0.360982101878867,0.18157352916853,0.143678183788185,0.203754290942818,0.328869264206242,0.282523948674016,0.271549972109881,1.61480667469617,0.829494746508214,0.439229579654051,0.203410816215065,0.16966339952781,0.550098139329073,0.214715151526893,0.530636484170402,0.290213191982567,0.280780343075158,0.324508200837213,0.338257846680958,0.199407163302596,0.184357395935678,0.165257249977338,0.287926912708842,0.253103165908139,0.339033329001842,0.213729813525091,0.363887291461542,0.208158800995779,0.220661608985333,0.33686017505611,0.351770585134922,0.257200270178518,0.28430280346928,0.235354785644443,0.161600350787629,0.261695772343132,0.180436537647322,0.366852322703228,0.270576930339386,0.143668346803131,0.759698058633655,0.37380789087733,0.189239819511977,0.355423385580861,0.230602702119962,0.451568437892893,0.463415446879588,0.198027526150323,0.321378400096054,0.262476173156536,0.244965520031378,0.202004947102688,0.199412901543877,0.162675861152322,0.221575628845573,0.229853451759189,0.292755232867408,0.306040081167878,0.159138645280638,0.196051111905448,0.283832267684724,0.106440276908192,0.284682347142185,0.265358409774116,0.214826637357372,0.206220914942327,0.641877209779554,0.909327618372818,0.290671431535817,0.685948542269353,0.261258846257475,0.40521246562687,0.303752982145397,0.323642546153434,0.264100095437378,0.247290327496527,0.34688406281485,0.253586817672751,0.358195775865457,0.261689214353108,0.276215982015244,0.188567625534049,0.294181595698635,0.30830012848149
b1_l033_s1.bam,0.181424334895386,0.229350945773249,0.195305140539697,0.273271444492394,0.39115377450302,0.321048861097116,0.46695840099254,0.631318845833481,0.13472570765036,0.426772677594691,0.327515039265333,0.582889728969662,0.207464473801497,0.313098117936175,0.189509516851901,0.0661348701923265,0.174874542354297,0.525177777220344,0.303818562045685,0.397089575227672,0.829494746508214,1.68077349639403,0.478335693943439,0.207768600589072,0.181734199924232,0.711419775540501,0.16579746440595,0.75095871717178,0.253699943000741,0.343025505431762,0.394863957361705,0.217776093372744,0.261334263142803,0.204538790499987,0.0559076847427005,0.253401554454441,0.238536230557075,0.448113196896563,0.0846603722744096,0.342561527637238,0.0935612042407418,0.147968748764395,0.227033516046888,0.245283582547772,0.186495300685005,0.29581699446202,0.109943063332231,0.23911251393084,0.185345193183737,0,0.382421810779922,0.105645940365976,0.0712935490985825,0.567970301654562,0.214999604344378,0.0782999416954001,0.485415863928096,0.158227904415413,0.473340145039143,0.554206720082003,0.0895526328357502,0.354679873461363,0.227314689869364,0.277789899622107,0.230296935834888,0.176337793879442,0.0759087345812231,0.191185083304218,0.0564142894724085,0.252027655543445,0.338943976387704,0.214545463534897,0.295668619937622,0.418754715035962,0.256947787562414,0.304386647931913,0.18542962730536,0.234133360001617,0.106095162682944,1.06886056280394,0.664562936786042,0.243582603884103,1.13591191210277,0.15477184367033,0.500854192204206,0.442492179693303,0.375789223614732,0.244762222340499,0.181276780119734,0.339712080969805,0.141772267936111,0.362871622755863,0.264218139257893,0.275246219239764,0.229741146179951,0.276434035183696,0.324346710332759
